Subject,count,Random,GPT3_normal,GPT3.5_normal,GPT4_normal,GPT4_CoT,GPT4_CoT_self_refine,GPT4_CoT+OneShot,GPT4_0613_normal
chem,37,0.141,0.128,0.358,0.52,0.655,0.703,0.493,0.628
math,46,0.14,0.082,0.141,0.288,0.402,0.359,0.283,0.223
phy,31,0.137,0.113,0.194,0.419,0.573,0.516,0.452,0.315
